0.130037397146
10.2456415594
10.686824847
11.074240353
10.7166040279
10.593544893
10.6983671598
11.1722642854
10.3825719133
11.2297078148
10.7570720129
10.8775154538
11.2109515145
11.0113103874
11.631875746
10.932273332
11.4736660942
11.1391553581
10.2620081566
11.124376744
11.0034610331
10.5108505562
12.2694132701
10.5920856036
10.6388864592
10.7076045834
11.8058500588
10.5670671649
11.5372999012
10.8711779043
10.4982237779
11.4121006653
10.5316292718
10.7667137273
11.6144729704
9.8109587431
10.9441364259
10.6683287211
10.5963440128
10.1272049025
10.4140737168
10.0249224864
10.6187845655
10.4756307006
10.1951874457
10.2842723168
11.3503423072
11.2601829916
11.4305426478
10.6679000333
10.2843363546
10.3014837615
11.136228241
10.0544198789
10.4758029561
10.6266674213
10.8143043891
10.1168685965
10.9515078925
9.6132488139
10.2120778188
12.3539540172
11.1778799444
10.7998564951
10.5768854171
10.0726880841
10.546533186
10.4812664576
11.2467318736
10.5265580006
10.8292487897
10.3893509805
10.1187543496
10.659055382
10.6349177547
10.8972363397
10.154620111
10.4774360023
10.5004330054
10.5970763192
10.2075727358
10.7857903577
11.0301317722
9.76555814594
9.86724111065
9.8482199721
10.5612059906
11.2355732955
10.7058778442
9.99164767191
10.5552566387
10.3204048835
9.9684491083
10.6281597037
10.3430916518
10.3221961483
10.4528346732
9.36800893955
10.007014975
10.4095924087
10.2181914896
10.2412671
10.8280656934
11.1584857032
9.72924619541
10.8727757297
10.7337803282
9.52697356232
9.86155490577
10.6664698198
10.5975918379
10.2300215401
10.5814277977
10.3112243861
9.99458673969
10.669574026
10.5021347571
11.0360741094
11.1438289899
9.74524790794
10.1230714805
9.30866648257
9.93691582605
10.8196693473
10.2862615287
10.8305371925
9.15204759128
9.93367165141
9.81200698391
10.5332438201
10.027004879
9.90968887694
10.5422081985
9.81728875823
9.66021365114
9.8299367819
9.43143086322
11.0938591473
10.5254651699
10.1161595508
10.1395771485
10.1195224095
9.77231225558
10.571937805
11.009020295
10.4819058478
10.6551826335
10.3869507033
10.0128049944
9.49406733364
10.1107263751
10.8354305662
9.86228300817
10.4143674411
9.63581793755
11.182091061
11.288802892
10.0882558841
10.8914026245
10.409024179
9.52438913099
9.84869351797
9.28438591957
10.1784098446
10.1136703026
9.10808572546
9.63726597466
