0.693244993687
69.3171846271
69.2704827189
69.2519767284
69.2389045954
69.2410927415
69.2475545406
69.241081357
69.2281184196
69.2469852567
69.2353606224
69.219949007
69.1352561712
69.0227040052
68.960629642
68.9100142121
68.8204541206
68.7311598063
68.6681734324
68.6080104709
68.5964701176
68.5368583202
68.4498744011
68.338568449
68.2220611572
68.1301266551
68.0218673348
67.9246408343
67.8244674206
67.7039904594
67.5998654962
67.5122932792
67.420206666
67.3155235648
67.1778331399
67.0908012986
67.0237811208
66.8937132955
66.7914292812
66.7423949838
66.6251541376
66.5188041329
66.3758785129
66.2614938021
66.1825991273
66.0726704001
65.994800806
65.8659732938
65.8052814007
65.6618042588
65.558065176
65.5533134937
65.39841187
65.3069684505
62.1636417508
60.2246650457
59.0023126006
57.8515738845
58.8945550323
57.2391053438
56.3235033751
55.9538593292
56.2777066827
55.6995975375
55.0106988549
54.4200140834
54.6702644229
54.4913503528
54.1586466432
53.6049995422
53.0856419802
52.6583341956
52.7116457224
52.8111351132
52.3683561981
52.6937742233
52.5316865444
52.5036341548
53.4004540443
53.4271327257
52.8663794994
52.1476197243
51.9738936424
51.7588160336
51.7381752133
51.9545046091
52.096760273
51.8105228245
51.9088392854
51.9527613819
51.503326565
51.7057975829
52.118200928
51.5404996574
50.8118697107
51.5877099931
51.3736173511
52.4713938534
51.2057150006
51.702891618
51.1215207875
50.4382058978
50.7311727703
50.4529675245
50.9849777222
50.4780266583
50.4054070413
50.1948186457
50.5714996457
50.2910229862
50.1032908261
49.8729605377
50.1870627105
50.0601563156
50.6112589538
50.2712193429
49.9490372241
50.0313908458
49.5653461814
50.3072462678
49.6304015517
49.6297592521
49.9796638787
49.5009197891
49.2415333092
49.964857012
49.9978219271
49.553429842
49.5197710395
49.5508218706
50.2310861349
49.5931605399
49.6649464965
49.5697381198
49.4539207816
49.989474088
48.9115726352
49.1381167173
49.2007420957
49.5577813685
50.0514282584
49.1736860275
48.9252076745
48.7152288854
48.6098256707
48.6078682542
48.1044206619
48.4441113472
47.9154572487
47.8494196534
47.6307561994
47.9239955842
47.8681857884
48.1661087573
48.6816157103
47.6142392159
47.8717534244
47.851647675
47.2842186689
47.0263382196
46.6015147567
46.6697894633
47.3980260491
46.4655383229
45.9184372723
46.1273751557
45.7126924396
46.0981431901
45.4444167614
45.6042921245
45.7742258608
45.3747062087
45.3895991147
44.9022136629
44.2694642544
44.4138168395
44.1526352465
44.3759234846
44.1250551939
43.5879749656
43.9303179383
43.3048279583
43.253951937
42.885856241
42.8241866827
42.1335950494
42.2400822639
42.3348304629
42.2024220824
41.8935594559
41.1694151461
41.7068888843
43.0577367544
41.3196839988
41.5658748746
41.4791150093
41.0566458404
41.516640842
40.9535370171
40.7141675949
40.8015836477
40.2192355096
39.8599519432
39.934179455
39.7283053994
39.7297459245
39.3742291927
40.258866787
39.2213388681
38.8148349524
39.3194428384
38.7655416429
38.7482141256
38.2562060356
37.9162292182
37.7333463728
36.934130758
37.3193703592
36.9201492071
37.3592369854
36.5933652222
36.498367101
37.8539642096
36.1184006333
35.6974264383
35.2626804411
35.0345067978
34.5890592337
34.7411538661
34.7473056912
34.455319643
34.1286252141
34.4452907145
33.9520468116
33.6163617969
33.1833517551
32.820548296
32.6547633111
33.0226675272
32.9336852729
32.4314400256
32.6564452648
32.7570739985
32.0901834369
32.6579710543
32.43419227
32.0246456563
31.6613817513
32.125185132
32.1193833351
31.8059239089
32.2976202965
31.7308398187
32.0645881593
31.6602581441
31.6823340654
30.9276242256
30.8343212008
30.5285201371
31.1874965131
30.8743346632
30.46626544
30.4402309656
29.7355421185
30.1683085561
30.523717314
29.9529319108
