0.125604689121
11.9271792881
10.6623304226
11.4360640459
12.0557712652
12.2267392278
12.3153371625
12.2028196007
11.7283481173
11.4600819163
11.2216039374
12.228324607
11.3951184452
10.6366638839
10.9835524447
11.1814428419
12.1942804381
12.6697313711
12.7927162796
11.1426689178
11.7793962322
12.2958020382
11.1973334327
11.6263267696
11.112275295
12.3636051565
11.1656319946
12.1508325264
10.8649258874
12.0443195775
12.0304021202
12.6506312862
11.6479183696
11.1322419494
10.5366086476
12.140860673
11.7833908349
11.0362897813
11.3380995952
12.2897163443
11.3148195632
11.466706235
11.2272200808
11.2759595588
10.6806318201
11.1596283577
11.411085967
12.136144951
11.8514407538
12.23734653
11.1748830862
11.5019861348
10.9690696448
11.6324032359
11.5661330335
11.3983702138
11.2366056927
12.019370731
12.2648827434
10.7203041837
11.6433498375
11.3401101977
10.6946859919
10.8748385385
10.501081802
11.1158638299
11.3516056798
11.8465245031
11.3302370049
11.2609499246
11.4414703473
11.0923194662
11.4482292235
11.7681177109
11.5844112262
11.1826418824
11.0810087174
10.5465514958
9.94047323614
11.5294563659
12.0559777394
11.5486183278
11.1274690442
10.7909223586
11.0314714052
10.5870252363
11.6023267284
11.1348898783
11.242911756
11.6672882512
11.1508903652
11.0043593124
11.8239096813
11.0432221778
11.2286823913
10.4470228702
11.9803215563
11.2917681225
11.5226689614
10.8872540742
11.0783203952
10.6255640984
10.7674059086
9.57174916193
10.347145915
11.0164181739
